163.0
145.9
172.3
183.9
171.9
174.9
160.2
172.0
175.3
185.4
158.9
160.4
153.8
173.2
65.0
152.7
174.9
149.3
145.1
169.3
161.7
157.9
164.7
142.5
142.6
163.3
155.9
139.3
161.2
146.6
140.3
115.2
120.1
123.9
127.4
138.3
151.9
151.1
147.6
145.1
146.1
161.3
131.7
132.2
144.9
141.2
149.2
147.3
137.6
156.4
177.8
154.8
154.1
151.2
157.4
171.0
143.6
160.5
165.3
174.6
168.7
178.8
160.5
176.8
181.4
174.1
179.4
164.7
169.3
147.1
170.3
154.3
145.0
179.6
170.9
169.5
140.0
142.5
172.7
161.9
142.1
165.6
172.6
166.2
153.1
154.7
145.9
158.3
141.6
150.1
139.6
162.7
165.4
156.7
148.9
165.3
177.5
165.5
170.5
152.9
157.5
167.5
169.4
116.9
164.4
169.7
161.5
143.1
162.7
170.0
170.4
158.3
164.1
147.5
145.5
146.0
162.0
158.0
158.8
164.6
168.1
165.3
163.7
168.7
149.5
143.7
138.7
170.6
165.9
172.0
148.0
170.6
173.7
163.5
187.1
169.1
142.0
165.0
169.6
174.5
171.6
175.1
146.5
141.8
147.9
173.2
169.0
182.7
159.0
168.8
148.7
160.2
160.7
174.4
166.8
134.4
153.0
163.2
162.1
156.0
170.7
166.0
167.5
184.7
182.4
184.6
179.5
172.6
180.5
150.0
169.7
179.8
168.4
181.9
172.2
179.9
180.4
169.2
157.0
174.0
174.5
169.7
167.4
174.1
173.9
173.7
181.3
135.5
169.7
177.3
178.6
162.7
167.9
165.2
174.4
172.0
166.8
166.9
176.4
165.8
163.1
173.1
173.0
181.2
125.3
171.0
166.3
165.2
174.1
165.1
173.3
166.0
163.3
174.3
168.9
164.9
178.8
162.8
167.2
174.8
165.6
173.1
172.3
165.5
174.7
164.1
167.5
173.5
168.4
157.5
166.0
158.2
165.5
157.8
163.6
156.1
164.4
137.1
166.8
155.3
155.3
171.4
158.5
119.3
157.2
160.4
167.9
168.1
165.3
163.7
168.7
149.5
143.7
138.7
170.6
165.9
172.0
148.0
170.6
173.7
163.5
187.1
169.1
142.0
165.0
169.6
174.5
171.6
175.1
146.5
141.8
147.9
173.2
169.0
182.7
159.0
168.8
148.7
160.2
160.7
174.4
166.8
134.4
153.0
163.2
162.1
156.0
170.7
166.0
167.5
184.7
182.4
184.6
179.5
172.6
180.5
150.0
169.7
179.8
168.4
181.9
172.2
179.9
180.4
169.2
157.0
174.0
174.5
169.7
167.4
174.1
173.9
173.7
181.3
135.5
169.7
177.3
178.6
162.7
167.9
165.2
174.4
172.0
166.8
166.9
176.4
165.8
163.1
173.1
173.0
181.2
125.3
171.0
166.3
165.2
174.1
165.1
173.3
166.0
163.3
174.3
168.9
164.9
178.8
162.8
167.2
174.8
165.6
173.1
172.3
165.5
174.7
164.1
167.5
173.5
168.4
157.5
166.0
158.2
165.5
157.8
163.6
156.1
164.4
137.1
166.8
155.3
155.3
171.4
158.5
119.3
157.2
160.4
167.9
144.7
143.7
161.5
161.5
173.8
153.2
138.3
154.7
169.8
148.5
154.0
158.5
145.6
165.4
136.1
167.3
170.4
157.4
150.7
146.8
133.5
137.8
163.4
162.0
141.3
160.7
163.0
146.6
163.3
148.7
137.7
131.0
149.3
144.4
161.1
159.2
141.4
163.6
140.8
156.7
139.8
140.4
