3.5508749999999996
1.9555625
3.0297500000000004
5.0725625
1.65475
5.0351875
1.2677500000000002
3.017625
3.2226875
4.7699375
2.6920625
1.0974375
1.6701249999999999
3.6261875
0.0073124999999999996
1.0134999999999998
2.2308125000000003
1.6088125
2.0183125
3.3206875
1.49425
2.1805000000000003
4.2545
1.450375
1.0129375
1.109375
3.022125
1.0299375
0.48731250000000004
1.0094375
1.0646875
1.0914375
1.085625
1.1139375
1.0875625
1.009625
1.0115625
1.011125
1.01025
1.1584375
2.3933125
2.0163124999999997
1.011875
1.011125
1.0095625
1.1755
1.0115625
1.0125
0.5686249999999999
2.0223750000000003
4.0283125
1.0098125
3.0196249999999996
3.3085000000000004
3.108125
5.0326249999999995
2.017375
3.0223750000000003
2.019125
5.0326249999999995
2.8456875000000004
4.027125
3.0265625
3.2106875
7.0464375
5.4896875
7.04725
4.0298750000000005
10.0645
2.08475
6.273687499999999
5.0346875
3.021375
5.7253750000000005
0.6679375000000001
0.448875
1.0093125
1.0570625
4.029375
3.5909375
0.48487499999999994
0.9589375
5.030125
3.02075
2.0161875
4.02675
2.38775
3.02125
2.21275
2.4464375
2.0165
4.0383125
5.037125
2.017
3.0253750000000004
4.0270625
4.0265625
2.0183750000000003
2.7171875
1.615
2.0191874999999997
3.024125
2.015625
8.379875
2.0173125
3.025625
2.01625
2.9867500000000002
2.0171875
2.01825
4.0286875
4.0298750000000005
2.01625
3.783125
3.7576875000000003
1.01175
2.0166874999999997
1.0095
1.0110625
2.01775
1.0114375
0.423875
1.7730000000000001
1.752375
1.183125
1.011625
0.5036875
0.9415
3.02225
2.015875
1.0095625
2.0178125
4.0276875
1.4399375
1.5149375
2.017375
1.010625
1.2533750000000001
2.8578750000000004
1.1023125
1.6328749999999999
1.4583125000000001
1.7135
1.0116875
2.016
1.87375
3.0223125
4.7201875
1.7054375
4.0296875
1.678125
1.7481875
2.8405
2.5261875000000003
1.3711250000000001
1.869125
2.3550625
4.605625
1.191875
3.39825
1.7219375
3.390375
1.9075
2.017625
2.017625
4.03025
4.2265625
2.01625
2.017
0.5457500000000001
2.017625
5.0326875
2.4217500000000003
2.248875
6.040875
2.4038749999999998
4.0285625
3.1586250000000002
1.6504374999999998
2.0159375
5.0326249999999995
3.0333125
6.2769375
2.9234375
3.8543125
4.875249999999999
2.8148750000000002
3.4598125
2.8379375
3.8890625
7.846749999999999
2.89875
0.9616875
2.89575
2.4433125
2.8216875
3.0940625
2.8105624999999996
2.3039375
4.248125
2.7790625
2.8211874999999997
2.8174374999999996
2.8625
0.6454375
2.8289375000000003
1.883875
2.789375
2.83475
1.8959375
2.9566250000000003
4.938375
2.015375
4.029624999999999
4.8278125
2.8581875
9.923125
2.0153125
3.0243124999999997
1.8399375
4.1226875000000005
2.8574374999999996
3.8215
2.8838125000000003
0.9445
1.9119374999999998
2.9350625000000004
3.8465625
11.939625000000001
1.01025
2.0148124999999997
3.8125625000000003
2.82075
4.8806875000000005
2.01875
2.014125
2.82675
1.0114375
2.8253125
1.0065
2.016875
4.0291250000000005
1.0099375000000002
1.0076875
2.0198750000000003
1.0111875000000001
2.01775
1.0114375
0.423875
1.7730000000000001
1.752375
1.183125
1.011625
0.5036875
0.9415
3.02225
2.015875
1.0095625
2.0178125
4.0276875
1.4399375
1.5149375
2.017375
1.010625
1.2533750000000001
2.8578750000000004
1.1023125
1.6328749999999999
1.4583125000000001
1.7135
1.0116875
2.016
1.87375
3.0223125
4.7201875
1.7054375
4.0296875
1.678125
1.7481875
2.8405
2.5261875000000003
1.3711250000000001
1.869125
2.3550625
4.605625
1.191875
3.39825
1.7219375
3.390375
1.9075
2.017625
2.017625
4.03025
4.2265625
2.01625
2.017
0.5457500000000001
2.017625
5.0326875
2.4217500000000003
2.248875
6.040875
2.4038749999999998
4.0285625
3.1586250000000002
1.6504374999999998
2.0159375
5.0326249999999995
3.0333125
6.2769375
2.9234375
3.8543125
4.875249999999999
2.8148750000000002
3.4598125
2.8379375
3.8890625
7.846749999999999
2.89875
0.9616875
2.89575
2.4433125
2.8216875
3.0940625
2.8105624999999996
2.3039375
4.248125
2.7790625
2.8211874999999997
2.8174374999999996
2.8625
0.6454375
2.8289375000000003
1.883875
2.789375
2.83475
1.8959375
2.9566250000000003
4.938375
2.015375
4.029624999999999
4.8278125
2.8581875
9.923125
2.0153125
3.0243124999999997
1.8399375
4.1226875000000005
2.8574374999999996
3.8215
2.8838125000000003
0.9445
1.9119374999999998
2.9350625000000004
3.8465625
11.939625000000001
1.01025
2.0148124999999997
3.8125625000000003
2.82075
4.8806875000000005
2.01875
2.014125
2.82675
1.0114375
2.8253125
1.0065
2.016875
4.0291250000000005
1.0099375000000002
1.0076875
2.0198750000000003
1.0111875000000001
2.01775
1.0071875
1.7118125
2.0191874999999997
1.0138125
3.375
1.0110625
1.010875
0.9479375
1.012
1.009625
0.9902500000000001
1.00875
1.011625
3.1795625000000003
1.0122499999999999
2.8707499999999997
7.8075625
3.8610625
2.018625
1.01325
1.012875
1.0125
3.0223750000000003
2.235875
1.0081875
2.0139375
2.83425
1.0093125
2.0176875
1.0111875000000001
1.009125
1.00875
1.8484375
1.0095
1.008
2.0186875
1.009875
2.0157499999999997
1.01075
2.015125
1.014125
1.0090000000000001
