195.0
169.0
196.0
198.0
193.0
199.0
184.0
199.0
201.0
207.0
190.0
173.0
199.0
207.0
68.0
162.0
208.0
170.0
199.0
201.0
187.0
187.0
205.0
155.0
152.0
196.0
197.0
150.0
175.0
152.0
149.0
126.0
130.0
132.0
138.0
152.0
190.0
162.0
157.0
161.0
174.0
191.0
144.0
145.0
162.0
157.0
174.0
165.0
148.0
189.0
198.0
166.0
197.0
175.0
200.0
204.0
170.0
196.0
194.0
199.0
197.0
203.0
196.0
197.0
198.0
201.0
201.0
199.0
195.0
180.0
198.0
184.0
163.0
203.0
190.0
180.0
151.0
152.0
196.0
192.0
148.0
201.0
199.0
192.0
191.0
174.0
195.0
192.0
167.0
195.0
182.0
192.0
194.0
176.0
177.0
190.0
198.0
186.0
194.0
189.0
191.0
195.0
189.0
155.0
191.0
197.0
191.0
183.0
193.0
194.0
196.0
198.0
192.0
192.0
187.0
153.0
202.0
191.0
194.0
194.0
190.0
177.0
191.0
194.0
183.0
195.0
146.0
187.0
196.0
196.0
187.0
194.0
197.0
197.0
198.0
197.0
182.0
188.0
197.0
196.0
197.0
199.0
195.0
153.0
162.0
198.0
204.0
206.0
188.0
198.0
194.0
197.0
196.0
199.0
194.0
183.0
190.0
198.0
191.0
183.0
203.0
201.0
199.0
204.0
203.0
201.0
207.0
195.0
195.0
179.0
188.0
201.0
195.0
195.0
184.0
200.0
194.0
190.0
185.0
199.0
191.0
191.0
194.0
192.0
188.0
194.0
190.0
174.0
185.0
194.0
186.0
175.0
201.0
181.0
198.0
187.0
190.0
183.0
189.0
191.0
182.0
188.0
190.0
196.0
148.0
186.0
188.0
187.0
192.0
188.0
189.0
197.0
186.0
202.0
194.0
186.0
196.0
186.0
183.0
183.0
190.0
190.0
191.0
187.0
198.0
186.0
178.0
184.0
191.0
176.0
179.0
185.0
187.0
173.0
195.0
195.0
187.0
179.0
195.0
176.0
185.0
193.0
185.0
133.0
180.0
178.0
196.0
190.0
177.0
191.0
194.0
183.0
195.0
146.0
187.0
196.0
196.0
187.0
194.0
197.0
197.0
198.0
197.0
182.0
188.0
197.0
196.0
197.0
199.0
195.0
153.0
162.0
198.0
204.0
206.0
188.0
198.0
194.0
197.0
196.0
199.0
194.0
183.0
190.0
198.0
191.0
183.0
203.0
201.0
199.0
204.0
203.0
201.0
207.0
195.0
195.0
179.0
188.0
201.0
195.0
195.0
184.0
200.0
194.0
190.0
185.0
199.0
191.0
191.0
194.0
192.0
188.0
194.0
190.0
174.0
185.0
194.0
186.0
175.0
201.0
181.0
198.0
187.0
190.0
183.0
189.0
191.0
182.0
188.0
190.0
196.0
148.0
186.0
188.0
187.0
192.0
188.0
189.0
197.0
186.0
202.0
194.0
186.0
196.0
186.0
183.0
183.0
190.0
190.0
191.0
187.0
198.0
186.0
178.0
184.0
191.0
176.0
179.0
185.0
187.0
173.0
195.0
195.0
187.0
179.0
195.0
176.0
185.0
193.0
185.0
133.0
180.0
178.0
196.0
171.0
181.0
192.0
192.0
185.0
182.0
153.0
164.0
187.0
178.0
167.0
172.0
174.0
195.0
153.0
186.0
191.0
180.0
185.0
178.0
148.0
153.0
186.0
182.0
173.0
185.0
184.0
180.0
188.0
181.0
153.0
143.0
183.0
179.0
171.0
182.0
154.0
184.0
154.0
189.0
151.0
153.0
