22.15
11.033333333333333
20.7
34.03333333333333
13.166666666666666
33.333333333333336
9.05
20.166666666666668
27.2
33.75
22.25
6.95
10.966666666666667
25.233333333333334
0.16666666666666666
6.616666666666666
17.666666666666668
12.6
13.433333333333334
23.116666666666667
10.55
16.25
29.216666666666665
9.25
6.15
6.916666666666667
22.566666666666666
6.65
2.533333333333333
6.433333333333334
6.65
7.083333333333333
6.783333333333333
7.1
6.833333333333333
6.1
6.3
6.333333333333333
6.333333333333333
7.383333333333334
15.166666666666666
12.583333333333334
6.05
5.866666666666666
6.333333333333333
7.3
7.5
6.85
4.316666666666666
13.65
26.75
6.783333333333333
19.233333333333334
29.566666666666666
19.866666666666667
37.25
12.916666666666666
21.65
13.283333333333333
34.016666666666666
21.2
27.933333333333334
21.35
23.516666666666666
48.36666666666667
39.266666666666666
48.666666666666664
30.6
67.76666666666667
14.9
43.55
34.78333333333333
20.45
37.516666666666666
4.4
2.316666666666667
6.283333333333333
6.716666666666667
29.616666666666667
23.716666666666665
3.0
5.133333333333334
34.93333333333333
19.066666666666666
12.883333333333333
25.8
18.383333333333333
19.133333333333333
16.833333333333332
16.783333333333335
13.116666666666667
27.166666666666668
33.8
13.5
19.583333333333332
26.6
26.666666666666668
13.8
18.033333333333335
12.816666666666666
12.75
20.116666666666667
13.383333333333333
81.51666666666667
13.133333333333333
19.95
13.483333333333333
19.6
13.366666666666667
13.333333333333334
27.533333333333335
29.35
13.75
20.4
21.233333333333334
6.666666666666667
13.666666666666666
6.783333333333333
6.766666666666667
13.833333333333334
6.883333333333334
2.533333333333333
12.05
13.15
8.0
7.333333333333333
3.55
6.45
21.05
13.833333333333334
6.866666666666666
13.35
30.166666666666668
10.85
11.233333333333333
14.5
7.266666666666667
9.166666666666666
22.7
8.1
12.716666666666667
11.3
13.216666666666667
7.683333333333334
15.466666666666667
14.516666666666667
20.9
36.266666666666666
13.05
29.266666666666666
12.65
12.95
20.316666666666666
23.983333333333334
12.966666666666667
22.566666666666666
33.71666666666667
69.03333333333333
14.716666666666667
32.85
13.433333333333334
33.516666666666666
13.9
16.3
15.166666666666666
31.433333333333334
35.666666666666664
14.9
15.916666666666666
3.8333333333333335
14.616666666666667
37.88333333333333
21.683333333333334
19.866666666666667
46.983333333333334
20.6
29.6
22.8
18.666666666666668
13.85
38.416666666666664
22.733333333333334
49.1
21.433333333333334
28.933333333333334
35.916666666666664
20.033333333333335
44.53333333333333
20.866666666666667
27.85
60.9
21.116666666666667
5.2
22.1
17.533333333333335
20.666666666666668
22.766666666666666
19.9
20.633333333333333
36.6
20.283333333333335
19.966666666666665
19.2
18.866666666666667
6.983333333333333
20.466666666666665
13.083333333333334
22.683333333333334
21.3
13.25
21.45
34.233333333333334
13.733333333333333
28.433333333333334
36.7
20.316666666666666
77.93333333333334
14.233333333333333
21.616666666666667
12.533333333333333
32.4
19.683333333333334
26.916666666666668
19.583333333333332
5.216666666666667
12.85
20.916666666666668
27.233333333333334
102.25
7.2
15.066666666666666
33.03333333333333
19.883333333333333
35.93333333333333
13.2
12.983333333333333
19.133333333333333
7.116666666666666
18.966666666666665
6.466666666666667
13.983333333333333
25.166666666666668
6.3
6.316666666666666
13.583333333333334
6.666666666666667
12.533333333333333
6.883333333333334
2.533333333333333
12.05
13.15
8.0
7.333333333333333
3.55
6.45
21.05
13.833333333333334
6.866666666666666
13.35
30.166666666666668
10.85
11.233333333333333
14.5
7.266666666666667
9.166666666666666
22.7
8.1
12.716666666666667
11.3
13.216666666666667
7.683333333333334
15.466666666666667
14.516666666666667
20.9
36.266666666666666
13.05
29.266666666666666
12.65
12.95
20.316666666666666
23.983333333333334
12.966666666666667
22.566666666666666
33.71666666666667
69.03333333333333
14.716666666666667
32.85
13.433333333333334
33.516666666666666
13.9
16.3
15.166666666666666
31.433333333333334
35.666666666666664
14.9
15.916666666666666
3.8333333333333335
14.616666666666667
37.88333333333333
21.683333333333334
19.866666666666667
46.983333333333334
20.6
29.6
22.8
18.666666666666668
13.85
38.416666666666664
22.733333333333334
49.1
21.433333333333334
28.933333333333334
35.916666666666664
20.033333333333335
44.53333333333333
20.866666666666667
27.85
60.9
21.116666666666667
5.2
22.1
17.533333333333335
20.666666666666668
22.766666666666666
19.9
20.633333333333333
36.6
20.283333333333335
19.966666666666665
19.2
18.866666666666667
6.983333333333333
20.466666666666665
13.083333333333334
22.683333333333334
21.3
13.25
21.45
34.233333333333334
13.733333333333333
28.433333333333334
36.7
20.316666666666666
77.93333333333334
14.233333333333333
21.616666666666667
12.533333333333333
32.4
19.683333333333334
26.916666666666668
19.583333333333332
5.216666666666667
12.85
20.916666666666668
27.233333333333334
102.25
7.2
15.066666666666666
33.03333333333333
19.883333333333333
35.93333333333333
13.2
12.983333333333333
19.133333333333333
7.116666666666666
18.966666666666665
6.466666666666667
13.983333333333333
25.166666666666668
6.3
6.316666666666666
13.583333333333334
6.666666666666667
12.533333333333333
6.2
13.3
13.6
5.816666666666666
22.9
6.333333333333333
6.883333333333334
5.2
6.3
7.116666666666666
5.016666666666667
6.7
6.3
21.733333333333334
6.5
19.1
55.68333333333333
25.766666666666666
13.25
6.683333333333334
7.85
6.25
19.683333333333334
12.333333333333334
6.833333333333333
12.933333333333334
19.266666666666666
6.583333333333333
13.0
6.433333333333334
6.7
6.45
12.683333333333334
6.683333333333334
6.616666666666666
13.866666666666667
6.733333333333333
13.466666666666667
6.45
13.65
6.65
6.7
