4.0
2.0
13.0
23.0
9.0
42.0
4.0
13.0
105.0
0.0
16.0
0.0
0
15.0
0
3.0
82.0
17.0
11.0
18.0
0
69.0
32.0
0.0
2.0
2.0
7.0
0.0
3.0
0.0
2.0
0.0
2.0
5.0
15.0
2.0
2.0
2.0
2.0
4.0
20.0
13.0
12.0
3.0
9.0
6.0
4.0
2.0
0.0
18.0
26.0
6.0
20.0
24.0
36.0
210.0
0
160.0
17.0
45.0
146.0
140.0
143.0
172.0
46.0
172.0
112.0
239.0
64.0
104.0
116.0
98.0
13.0
40.0
0
0
2.0
0
121.0
28.0
2.0
5.0
154.0
16.0
18.0
28.0
158.0
10.0
141.0
122.0
17.0
21.0
18.0
9.0
11.0
27.0
38.0
0
135.0
0
20.0
27.0
14.0
100.0
15.0
11.0
19.0
0
11.0
19.0
47.0
87.0
16.0
125.0
102.0
0
19.0
4.0
0
9.0
0
0
13.0
0
2.0
0
0
4.0
29.0
5.0
4.0
6.0
122.0
0
0.0
8.0
6.0
10.0
0
9.0
0
0
0
0
15.0
0
14.0
128.0
0
24.0
0
26.0
26.0
103.0
0
66.0
117.0
40.0
43.0
35.0
9.0
90.0
20.0
107.0
0
34.0
130.0
19.0
18.0
0.0
0
144.0
121.0
149.0
37.0
129.0
30.0
20.0
134.0
19.0
40.0
39.0
257.0
10.0
22.0
39.0
20.0
77.0
13.0
23.0
46.0
18.0
0.0
31.0
27.0
13.0
36.0
11.0
146.0
132.0
11.0
13.0
12.0
13.0
0
13.0
20.0
0
13.0
16.0
19.0
4.0
17.0
2.0
32.0
13.0
166.0
18.0
20.0
21.0
136.0
13.0
41.0
13.0
5.0
20.0
20.0
34.0
279.0
5.0
15.0
122.0
14.0
4.0
22.0
18.0
14.0
4.0
11.0
4.0
19.0
0.0
4.0
8.0
15.0
4.0
2.0
0
0
13.0
0
2.0
0
0
4.0
29.0
5.0
4.0
6.0
122.0
0
0.0
8.0
6.0
10.0
0
9.0
0
0
0
0
15.0
0
14.0
128.0
0
24.0
0
26.0
26.0
103.0
0
66.0
117.0
40.0
43.0
35.0
9.0
90.0
20.0
107.0
0
34.0
130.0
19.0
18.0
0.0
0
144.0
121.0
149.0
37.0
129.0
30.0
20.0
134.0
19.0
40.0
39.0
257.0
10.0
22.0
39.0
20.0
77.0
13.0
23.0
46.0
18.0
0.0
31.0
27.0
13.0
36.0
11.0
146.0
132.0
11.0
13.0
12.0
13.0
0
13.0
20.0
0
13.0
16.0
19.0
4.0
17.0
2.0
32.0
13.0
166.0
18.0
20.0
21.0
136.0
13.0
41.0
13.0
5.0
20.0
20.0
34.0
279.0
5.0
15.0
122.0
14.0
4.0
22.0
18.0
14.0
4.0
11.0
4.0
19.0
0.0
4.0
8.0
15.0
4.0
2.0
5.0
39.0
23.0
9.0
2.0
0
2.0
3.0
4.0
2.0
2.0
7.0
5.0
24.0
4.0
18.0
56.0
22.0
21.0
2.0
2.0
6.0
23.0
19.0
7.0
17.0
11.0
7.0
15.0
6.0
2.0
4.0
18.0
4.0
7.0
20.0
5.0
20.0
5.0
18.0
13.0
0
